RMSE: 25.93258200311492
MAPE: 1.2700621243648336
