RMSE: 24.772870853463775
MAPE: 1.2127567017118226
